sandbox/sb3_shaneevanson.asc
NCOLS 40
NROWS 30
XLLCORNER -7
YLLCORNER 50
CELLSIZE 0.5
NODATA_VALUE -9999
-60 68 -35 -168 92 70 0 -47 -29 61 -172 74 -33 -58 37 -46 162 -70 8 -38 10 87 93 -172 166 -5 177 -89 -97 -98 -72 -73 19 163 74 -127 -46 36 -113 19
52 133 -150 -11 -34 128 108 40 -113 116 138 -40 -33 -155 58 135 -2 148 -132 120 -38 89 -143 31 96 87 22 166 6 122 71 21 -135 -4 128 -80 6 -147 97 44
-40 128 149 10 -100 37 71 -129 -170 -67 -86 -88 32 -177 -127 -165 -180 144 -66 -51 -117 127 67 -94 56 47 135 -49 -128 -96 -39 49 177 124 -77 -49 -170 -31 -44 -149
67 -146 30 126 128 -108 125 73 -9 -13 43 -178 -112 13 173 -54 103 -137 161 10 -163 -156 -49 -83 -141 -30 -179 -105 45 -17 -52 131 -75 -120 76 8 81 -118 96 136
157 121 -72 15 4 149 -104 -175 -44 -65 -96 163 5 -68 -75 -163 -109 108 -47 145 -178 24 -17 60 -101 152 164 54 -45 76 -150 -128 -31 97 -145 76 41 19 8 -131
113 -101 2 120 152 -66 -43 -105 -20 137 105 163 -27 -98 -116 -101 -74 -27 -9 -123 -146 95 157 50 -173 121 73 101 66 140 38 -122 136 79 59 94 -42 66 114 70
-106 161 -25 -128 49 59 6 -34 82 122 98 -179 10 163 25 8 -151 -123 -162 164 107 66 -32 68 124 -1 -96 -25 -98 108 157 -147 134 7 -55 4 -96 -69 21 162
-143 161 137 -85 29 -97 97 -35 -95 156 -166 -140 117 -172 12 -86 -3 -101 -141 20 -20 -177 81 -86 -48 -79 74 -33 -121 157 84 -153 -69 14 103 86 50 145 -140 -116
-78 145 177 160 165 29 -25 58 162 163 80 170 -62 -32 -85 35 58 -15 77 -52 -91 117 -169 -128 -29 131 81 -112 -55 175 80 -21 104 -130 -32 64 -88 -132 -173 19
57 -155 -92 36 -10 -79 1 -65 -174 124 141 -164 73 -73 104 -30 -162 113 146 -10 -152 -60 39 86 -90 -115 19 -52 111 -148 -51 -27 -28 133 99 19 56 -96 124 -80
130 123 -162 -98 53 141 -74 156 -97 -161 0 159 22 -133 55 -89 -127 70 133 151 -61 -114 81 -108 71 10 103 -128 25 128 35 105 -4 -93 139 154 -121 52 12 49
169 -91 -154 173 108 -32 161 11 45 -89 76 118 -60 135 46 110 47 -133 12 147 -99 62 33 85 100 -22 81 -115 -44 -169 -53 -19 -58 -60 28 -96 -142 84 59 -75
-77 105 110 -175 54 165 -37 -173 28 -85 -165 34 131 124 -154 -52 76 -33 141 -172 138 123 90 -68 -104 166 101 -144 -101 16 -92 -47 -140 150 25 -50 154 -20 136 73
13 -35 -110 18 129 -158 -74 -130 -146 -172 153 131 -94 -38 154 -51 67 67 -156 -150 146 73 71 8 -132 -110 -174 -180 -162 -102 -36 -174 -86 -86 11 -117 156 84 105 -177
88 -168 134 -52 75 35 -3 89 -57 40 26 -161 126 150 -8 77 -42 -45 145 -47 -137 -89 -55 -165 -130 -13 97 -177 -34 77 -171 117 82 134 -163 156 -94 151 24 -21
175 31 140 -62 -128 -9 -163 167 -132 73 -111 43 -53 -76 -126 -104 -175 -35 -139 -141 40 -137 -27 -49 -61 14 -151 138 -125 124 -164 129 -146 -104 -167 11 -90 153 -88 -124
165 126 -3 -75 171 -8 -3 -161 71 -147 87 68 154 -56 97 -70 -128 -81 -133 9 43 36 161 179 -50 174 17 -9 -148 -134 6 164 73 -53 -125 -96 -15 138 55 -107
-114 32 -133 -23 97 -126 -101 -88 24 115 175 80 -117 118 35 -88 48 58 -61 -54 -45 -168 144 -5 -99 -3 -173 15 -124 -145 109 -176 -36 -101 -96 52 115 98 -51 122
-7 109 -97 135 -97 158 -170 -106 44 163 -39 121 130 168 43 179 -82 -132 85 -81 35 -22 159 -174 -180 39 88 57 -14 46 -35 -154 -60 -138 80 29 9 120 18 -55
-171 49 173 130 -121 -133 69 113 114 137 124 126 63 -155 68 -65 -35 -6 46 -39 20 -79 122 -89 -88 163 -76 16 50 -18 141 -87 120 -70 -111 -113 2 78 39 73
-76 8 -77 38 148 102 -51 -135 -151 157 -171 -91 91 0 49 72 -16 -77 -8 1 107 153 119 165 -114 73 113 72 65 164 -15 -48 137 -114 -176 172 -164 -144 115 -85
-55 127 -57 98 16 150 -46 133 60 66 104 -102 -163 -137 93 -73 -112 -83 108 -168 146 79 -138 -158 -100 -15 178 -53 -160 115 29 46 -20 -72 -175 -116 63 -130 47 -134
-146 132 -9 145 15 94 -75 25 45 58 -47 -123 49 68 64 42 72 -116 148 167 176 123 -87 -172 -102 106 -121 149 169 -132 -121 94 -19 -175 109 165 -5 107 -68 122
39 -1 -21 128 0 170 -69 107 112 167 -115 139 -122 35 161 -126 66 -101 -49 54 -178 -119 79 -101 15 -133 -148 67 129 169 132 162 63 -63 23 108 -16 108 -63 165
-30 -143 1 46 -126 -72 -102 -30 167 -141 98 74 -19 1 -115 55 53 102 -154 135 -4 60 -56 -39 159 -23 -117 -110 -125 119 -104 29 -89 -154 -46 123 59 -19 168 -33
-19 53 34 -20 174 -112 157 60 -103 179 115 34 64 17 -46 -59 62 -57 40 -40 161 -148 40 -109 -51 -92 14 18 -41 -55 121 129 -7 -87 -68 7 107 -33 94 154
114 -163 11 167 -120 -166 177 107 -49 -165 163 -95 17 -88 -103 -122 105 115 -84 -4 155 -157 170 86 70 67 153 148 122 -28 -88 -70 7 60 99 -114 65 -171 175 -14
118 -25 151 -80 -15 114 -74 52 -94 75 -157 81 143 89 -29 -118 -79 -59 101 115 -136 -163 -59 94 132 85 141 -173 160 138 -5 142 46 -141 131 80 24 36 157 150
-56 166 -9 -31 -121 120 -141 -30 115 -139 73 -21 172 -27 170 -48 -165 -9 134 -155 153 -170 -50 -56 171 12 90 53 -162 -80 100 -57 -32 -135 166 -106 -139 -29 -150 -113
71 164 -144 -83 13 83 165 54 123 151 37 60 -172 76 163 65 -158 164 -102 178 33 83 61 171 -94 -80 -35 80 109 -146 -168 -90 -152 -89 -18 160 -149 -180 45 165
